100
-388 455
450 439
721 469
-138 976
684 253
-885 -645
124 503
205 364
-11 -721
940 871
210 -481
868 655
-11 -331
-158 -714
-395 598
936 -906
-108 -189
-981 713
-551 770
411 146
-43 410
123 654
-923 -719
-480 434
-865 724
-918 -481
469 47
289 979
-547 28
670 -470
476 -653
597 585
-451 -227
-971 -556
-172 824
669 420
901 -348
650 -713
-193 -881
531 -553
349 -830
429 -953
-883 643
550 -221
846 403
620 -681
-280 -560
-560 260
-158 -288
31 -715
296 -482
-94 937
844 -313
173 -708
915 527
345 414
806 495
577 685
157 175
-196 411
594 -641
149 16
856 626
530 -422
-61 832
185 -492
669 302
144 -821
-679 -169
-985 465
565 -199
75 313
-227 484
46 120
729 -700
-419 -652
449 773
-315 197
145 -311
-992 916
360 -456
-822 -538
215 76
345 65
-959 -388
93 -369
-951 466
-407 -206
690 -572
989 216
-440 888
-699 -403
555 949
266 -435
-475 -237
-335 -216
-911 660
839 605
-319 -523
-567 -644
